24
100 T1 0 30.55 458.25 2 10 N 01 01 2018
101 T1 0 22.3 334.5 3 8 N 01 02 2014
102 T1 0 18 270  N 01 05 2018
103 T1 0 15.2 228 N 25 08 2015
104 T1 0 17.35 260.25 O 02 10 2020
200 T2 1 20.5 307.5 N 01 01 2014
201 T2 1 23.91 358.65 N 05 03 2016
202 T2 1 36 540 N 20 04 2016
203 T2 1 31.45 471.75 N 20 05 2018
204 T2 1 25.55 383.25 O 24 12 2020 
300 T3 1 45.2 678 N 02 02 2017
301 T3 2 44.15 662.25 N 25 10 2017
302 T3 2 55 825 N 25 10 2020
303 T3 1 31.5 472.5 N 25 11 2015
304 T3 2 42.82 642.3 N 13 11 2014
305 T3 2 55.2 828 N 15 01 2017
400 T4 2 64 960 N  20 09 2017
401 T4 3 71.5 1072.5 N 01 12 2014
402 T4 3 92.9 1393.5 N 15 05 2016
403 T4 3 69.81 1047.15 N 14 05 2014
404 T4 3 59.8 897 O 15 12 2020
500 T5 3 89.9 1348.5 N 15 06 2016
501 T5 4 95 1425 N 16 02 2014
502 T5 4 105.65 1584.75 N 12 12 2015
